# Created by Octave 7.3.0, Thu Mar 30 13:33:40 2023 GMT <unknown@JacobDesktop-PC>
# name: M
# type: matrix
# rows: 1923
# columns: 2
 89 1
 90 1
 87 2
 88 2
 89 2
 90 2
 86 3
 87 3
 88 3
 89 3
 90 3
 85 4
 86 4
 89 4
 84 5
 85 5
 88 5
 89 5
 84 6
 85 6
 88 6
 89 6
 83 7
 84 7
 88 7
 82 8
 83 8
 87 8
 88 8
 81 9
 82 9
 87 9
 88 9
 81 10
 82 10
 87 10
 88 10
 80 11
 81 11
 87 11
 80 12
 81 12
 86 12
 87 12
 79 13
 80 13
 86 13
 87 13
 79 14
 80 14
 86 14
 87 14
 78 15
 79 15
 86 15
 78 16
 79 16
 85 16
 86 16
 77 17
 78 17
 85 17
 86 17
 77 18
 78 18
 85 18
 86 18
 77 19
 78 19
 85 19
 86 19
 76 20
 77 20
 84 20
 85 20
 76 21
 77 21
 84 21
 85 21
 76 22
 77 22
 84 22
 85 22
 75 23
 76 23
 84 23
 85 23
 75 24
 76 24
 84 24
 75 25
 76 25
 83 25
 84 25
 75 26
 83 26
 84 26
 74 27
 75 27
 83 27
 84 27
 74 28
 75 28
 83 28
 84 28
 59 29
 60 29
 74 29
 75 29
 83 29
 84 29
 59 30
 60 30
 74 30
 75 30
 83 30
 58 31
 59 31
 60 31
 73 31
 74 31
 82 31
 83 31
 58 32
 59 32
 60 32
 73 32
 74 32
 82 32
 83 32
 57 33
 58 33
 59 33
 60 33
 73 33
 74 33
 82 33
 83 33
 57 34
 59 34
 60 34
 73 34
 74 34
 82 34
 83 34
 56 35
 57 35
 59 35
 60 35
 73 35
 74 35
 82 35
 83 35
 56 36
 57 36
 59 36
 60 36
 73 36
 82 36
 56 37
 59 37
 60 37
 72 37
 73 37
 81 37
 82 37
 55 38
 56 38
 59 38
 60 38
 72 38
 73 38
 81 38
 82 38
 55 39
 56 39
 59 39
 60 39
 72 39
 73 39
 81 39
 82 39
 55 40
 60 40
 72 40
 73 40
 81 40
 82 40
 54 41
 55 41
 60 41
 61 41
 72 41
 73 41
 81 41
 82 41
 54 42
 55 42
 60 42
 61 42
 72 42
 73 42
 81 42
 82 42
 54 43
 55 43
 60 43
 61 43
 72 43
 81 43
 54 44
 55 44
 60 44
 61 44
 72 44
 81 44
 54 45
 60 45
 61 45
 71 45
 72 45
 80 45
 81 45
 54 46
 61 46
 71 46
 72 46
 80 46
 81 46
 53 47
 54 47
 61 47
 62 47
 71 47
 72 47
 80 47
 81 47
 53 48
 54 48
 61 48
 62 48
 71 48
 72 48
 80 48
 81 48
 53 49
 54 49
 61 49
 62 49
 71 49
 72 49
 80 49
 81 49
 53 50
 54 50
 61 50
 62 50
 71 50
 72 50
 80 50
 81 50
 46 51
 47 51
 53 51
 54 51
 62 51
 63 51
 71 51
 72 51
 80 51
 81 51
 45 52
 46 52
 47 52
 53 52
 54 52
 62 52
 63 52
 71 52
 72 52
 80 52
 45 53
 46 53
 47 53
 54 53
 62 53
 63 53
 71 53
 72 53
 80 53
 44 54
 45 54
 46 54
 47 54
 54 54
 55 54
 63 54
 64 54
 71 54
 72 54
 79 54
 80 54
 44 55
 45 55
 47 55
 54 55
 55 55
 63 55
 64 55
 71 55
 79 55
 80 55
 44 56
 47 56
 48 56
 54 56
 55 56
 63 56
 64 56
 71 56
 79 56
 80 56
 43 57
 44 57
 47 57
 48 57
 54 57
 55 57
 64 57
 65 57
 71 57
 79 57
 80 57
 43 58
 44 58
 47 58
 48 58
 54 58
 55 58
 64 58
 65 58
 70 58
 71 58
 79 58
 80 58
 43 59
 44 59
 48 59
 49 59
 55 59
 65 59
 70 59
 71 59
 79 59
 80 59
 43 60
 44 60
 48 60
 49 60
 55 60
 56 60
 65 60
 66 60
 70 60
 71 60
 79 60
 80 60
 43 61
 44 61
 48 61
 49 61
 55 61
 56 61
 65 61
 66 61
 70 61
 71 61
 79 61
 80 61
 43 62
 44 62
 49 62
 50 62
 55 62
 56 62
 66 62
 67 62
 70 62
 71 62
 79 62
 80 62
 43 63
 44 63
 49 63
 50 63
 56 63
 66 63
 67 63
 70 63
 71 63
 79 63
 80 63
 43 64
 44 64
 50 64
 51 64
 56 64
 57 64
 67 64
 68 64
 70 64
 71 64
 79 64
 43 65
 44 65
 50 65
 51 65
 56 65
 57 65
 67 65
 68 65
 70 65
 71 65
 79 65
 43 66
 44 66
 51 66
 52 66
 57 66
 68 66
 70 66
 71 66
 79 66
 41 67
 42 67
 44 67
 51 67
 52 67
 57 67
 58 67
 68 67
 69 67
 70 67
 71 67
 78 67
 79 67
 41 68
 42 68
 44 68
 45 68
 52 68
 53 68
 57 68
 58 68
 68 68
 69 68
 70 68
 71 68
 78 68
 79 68
 41 69
 42 69
 43 69
 44 69
 45 69
 52 69
 53 69
 54 69
 58 69
 59 69
 69 69
 70 69
 71 69
 78 69
 79 69
 41 70
 42 70
 43 70
 45 70
 53 70
 54 70
 58 70
 59 70
 69 70
 70 70
 71 70
 78 70
 79 70
 98 70
 99 70
 100 70
 101 70
 102 70
 103 70
 104 70
 105 70
 41 71
 42 71
 43 71
 44 71
 45 71
 46 71
 54 71
 55 71
 58 71
 59 71
 70 71
 71 71
 78 71
 79 71
 96 71
 97 71
 98 71
 99 71
 102 71
 103 71
 104 71
 105 71
 106 71
 107 71
 41 72
 42 72
 44 72
 45 72
 46 72
 55 72
 56 72
 59 72
 60 72
 78 72
 79 72
 95 72
 96 72
 97 72
 106 72
 107 72
 108 72
 41 73
 42 73
 44 73
 45 73
 46 73
 47 73
 55 73
 56 73
 57 73
 59 73
 60 73
 78 73
 79 73
 94 73
 95 73
 107 73
 108 73
 41 74
 42 74
 45 74
 46 74
 47 74
 56 74
 57 74
 58 74
 60 74
 61 74
 78 74
 79 74
 93 74
 94 74
 108 74
 41 75
 42 75
 45 75
 46 75
 47 75
 48 75
 57 75
 58 75
 60 75
 61 75
 78 75
 79 75
 92 75
 93 75
 108 75
 109 75
 41 76
 42 76
 46 76
 47 76
 48 76
 49 76
 58 76
 59 76
 60 76
 61 76
 78 76
 79 76
 91 76
 92 76
 108 76
 41 77
 42 77
 47 77
 48 77
 49 77
 59 77
 60 77
 61 77
 62 77
 78 77
 79 77
 90 77
 91 77
 107 77
 108 77
 42 78
 43 78
 47 78
 48 78
 49 78
 50 78
 60 78
 61 78
 62 78
 78 78
 79 78
 89 78
 90 78
 108 78
 109 78
 42 79
 43 79
 48 79
 49 79
 50 79
 51 79
 61 79
 62 79
 78 79
 79 79
 88 79
 89 79
 108 79
 109 79
 42 80
 43 80
 49 80
 50 80
 51 80
 52 80
 78 80
 79 80
 88 80
 89 80
 109 80
 110 80
 42 81
 43 81
 50 81
 51 81
 52 81
 78 81
 79 81
 87 81
 88 81
 110 81
 111 81
 43 82
 44 82
 51 82
 52 82
 53 82
 78 82
 79 82
 86 82
 87 82
 110 82
 111 82
 43 83
 44 83
 52 83
 53 83
 54 83
 78 83
 79 83
 85 83
 86 83
 111 83
 112 83
 44 84
 45 84
 53 84
 54 84
 55 84
 78 84
 79 84
 84 84
 85 84
 112 84
 44 85
 45 85
 54 85
 55 85
 56 85
 78 85
 79 85
 83 85
 84 85
 100 85
 101 85
 102 85
 103 85
 104 85
 105 85
 106 85
 112 85
 113 85
 45 86
 46 86
 55 86
 56 86
 57 86
 78 86
 79 86
 81 86
 82 86
 83 86
 98 86
 99 86
 100 86
 101 86
 102 86
 103 86
 104 86
 105 86
 106 86
 107 86
 108 86
 112 86
 113 86
 45 87
 46 87
 57 87
 78 87
 79 87
 80 87
 81 87
 82 87
 97 87
 98 87
 99 87
 107 87
 108 87
 109 87
 112 87
 113 87
 46 88
 47 88
 78 88
 79 88
 80 88
 96 88
 97 88
 109 88
 110 88
 112 88
 113 88
 39 89
 40 89
 41 89
 47 89
 48 89
 95 89
 96 89
 110 89
 111 89
 112 89
 179 89
 40 90
 41 90
 42 90
 47 90
 48 90
 49 90
 94 90
 95 90
 110 90
 111 90
 112 90
 175 90
 176 90
 177 90
 178 90
 179 90
 40 91
 41 91
 42 91
 43 91
 48 91
 49 91
 93 91
 94 91
 172 91
 173 91
 174 91
 175 91
 176 91
 177 91
 178 91
 179 91
 40 92
 41 92
 43 92
 44 92
 45 92
 49 92
 50 92
 92 92
 93 92
 167 92
 168 92
 169 92
 170 92
 171 92
 172 92
 173 92
 174 92
 176 92
 177 92
 41 93
 44 93
 45 93
 46 93
 47 93
 50 93
 51 93
 52 93
 92 93
 93 93
 162 93
 163 93
 164 93
 165 93
 166 93
 167 93
 168 93
 169 93
 170 93
 176 93
 177 93
 41 94
 42 94
 46 94
 47 94
 48 94
 49 94
 50 94
 51 94
 52 94
 53 94
 91 94
 92 94
 156 94
 157 94
 158 94
 159 94
 160 94
 161 94
 162 94
 163 94
 164 94
 165 94
 166 94
 175 94
 176 94
 42 95
 43 95
 48 95
 49 95
 50 95
 51 95
 52 95
 53 95
 91 95
 147 95
 148 95
 149 95
 150 95
 151 95
 152 95
 153 95
 154 95
 155 95
 156 95
 157 95
 158 95
 159 95
 160 95
 173 95
 174 95
 175 95
 42 96
 43 96
 90 96
 91 96
 136 96
 137 96
 138 96
 139 96
 140 96
 141 96
 142 96
 143 96
 144 96
 145 96
 146 96
 147 96
 148 96
 149 96
 150 96
 151 96
 152 96
 153 96
 172 96
 173 96
 174 96
 43 97
 44 97
 89 97
 90 97
 91 97
 92 97
 93 97
 94 97
 95 97
 96 97
 97 97
 98 97
 99 97
 100 97
 101 97
 102 97
 103 97
 104 97
 105 97
 106 97
 107 97
 108 97
 109 97
 110 97
 111 97
 112 97
 113 97
 114 97
 115 97
 116 97
 117 97
 118 97
 119 97
 120 97
 121 97
 122 97
 123 97
 124 97
 125 97
 126 97
 127 97
 128 97
 129 97
 130 97
 131 97
 132 97
 133 97
 134 97
 135 97
 136 97
 137 97
 138 97
 139 97
 140 97
 141 97
 142 97
 143 97
 144 97
 145 97
 171 97
 172 97
 173 97
 44 98
 45 98
 89 98
 90 98
 91 98
 92 98
 93 98
 94 98
 95 98
 96 98
 97 98
 98 98
 99 98
 100 98
 101 98
 102 98
 103 98
 104 98
 105 98
 106 98
 107 98
 108 98
 109 98
 110 98
 111 98
 112 98
 113 98
 114 98
 115 98
 116 98
 117 98
 118 98
 119 98
 120 98
 121 98
 122 98
 123 98
 124 98
 125 98
 126 98
 127 98
 128 98
 129 98
 130 98
 131 98
 132 98
 169 98
 170 98
 171 98
 45 99
 46 99
 47 99
 167 99
 168 99
 169 99
 170 99
 46 100
 47 100
 48 100
 49 100
 165 100
 166 100
 167 100
 168 100
 48 101
 49 101
 50 101
 51 101
 163 101
 164 101
 165 101
 166 101
 41 102
 42 102
 49 102
 50 102
 51 102
 160 102
 161 102
 162 102
 163 102
 164 102
 41 103
 42 103
 43 103
 44 103
 45 103
 46 103
 47 103
 48 103
 49 103
 50 103
 157 103
 158 103
 159 103
 160 103
 161 103
 162 103
 42 104
 43 104
 44 104
 45 104
 46 104
 47 104
 154 104
 155 104
 156 104
 157 104
 158 104
 159 104
 42 105
 43 105
 149 105
 150 105
 151 105
 152 105
 153 105
 154 105
 155 105
 156 105
 43 106
 44 106
 144 106
 145 106
 146 106
 147 106
 148 106
 149 106
 150 106
 151 106
 152 106
 43 107
 44 107
 137 107
 138 107
 139 107
 140 107
 141 107
 142 107
 143 107
 144 107
 145 107
 146 107
 147 107
 148 107
 44 108
 45 108
 46 108
 125 108
 126 108
 127 108
 128 108
 129 108
 130 108
 131 108
 132 108
 133 108
 134 108
 135 108
 136 108
 137 108
 138 108
 139 108
 140 108
 141 108
 142 108
 45 109
 46 109
 47 109
 48 109
 49 109
 108 109
 109 109
 110 109
 111 109
 112 109
 113 109
 114 109
 115 109
 116 109
 117 109
 118 109
 119 109
 120 109
 121 109
 122 109
 123 109
 124 109
 125 109
 126 109
 127 109
 128 109
 129 109
 130 109
 131 109
 132 109
 133 109
 134 109
 47 110
 48 110
 49 110
 108 110
 109 110
 110 110
 111 110
 112 110
 113 110
 114 110
 115 110
 116 110
 117 110
 118 110
 119 110
 120 110
 121 110
 122 110
 48 111
 49 111
 110 111
 111 111
 112 111
 113 111
 48 112
 49 112
 112 112
 113 112
 114 112
 115 112
 47 113
 48 113
 114 113
 115 113
 116 113
 117 113
 118 113
 47 114
 48 114
 117 114
 118 114
 119 114
 120 114
 47 115
 48 115
 119 115
 120 115
 121 115
 122 115
 123 115
 47 116
 48 116
 121 116
 122 116
 123 116
 124 116
 125 116
 47 117
 124 117
 125 117
 126 117
 127 117
 128 117
 129 117
 47 118
 101 118
 102 118
 103 118
 127 118
 128 118
 129 118
 130 118
 131 118
 132 118
 46 119
 47 119
 101 119
 102 119
 103 119
 104 119
 105 119
 130 119
 131 119
 132 119
 133 119
 134 119
 135 119
 136 119
 137 119
 138 119
 46 120
 47 120
 102 120
 103 120
 104 120
 105 120
 106 120
 107 120
 108 120
 134 120
 135 120
 136 120
 137 120
 138 120
 139 120
 140 120
 141 120
 142 120
 143 120
 144 120
 145 120
 146 120
 147 120
 148 120
 149 120
 150 120
 46 121
 47 121
 103 121
 104 121
 106 121
 107 121
 108 121
 109 121
 110 121
 140 121
 141 121
 142 121
 143 121
 144 121
 145 121
 146 121
 147 121
 148 121
 149 121
 150 121
 46 122
 47 122
 104 122
 105 122
 109 122
 110 122
 111 122
 112 122
 113 122
 146 122
 147 122
 148 122
 149 122
 46 123
 47 123
 93 123
 94 123
 105 123
 106 123
 111 123
 112 123
 113 123
 114 123
 115 123
 116 123
 144 123
 145 123
 146 123
 147 123
 46 124
 47 124
 93 124
 94 124
 95 124
 106 124
 107 124
 114 124
 115 124
 116 124
 117 124
 118 124
 119 124
 141 124
 142 124
 143 124
 144 124
 145 124
 43 125
 44 125
 45 125
 46 125
 47 125
 94 125
 95 125
 96 125
 107 125
 108 125
 109 125
 117 125
 118 125
 119 125
 120 125
 121 125
 122 125
 123 125
 124 125
 125 125
 136 125
 137 125
 138 125
 139 125
 140 125
 141 125
 142 125
 39 126
 40 126
 41 126
 42 126
 43 126
 44 126
 45 126
 46 126
 95 126
 96 126
 97 126
 108 126
 109 126
 110 126
 121 126
 122 126
 123 126
 124 126
 125 126
 126 126
 127 126
 128 126
 129 126
 130 126
 131 126
 132 126
 133 126
 134 126
 135 126
 136 126
 137 126
 138 126
 139 126
 36 127
 37 127
 38 127
 39 127
 40 127
 41 127
 85 127
 86 127
 96 127
 97 127
 98 127
 110 127
 111 127
 112 127
 127 127
 128 127
 129 127
 130 127
 131 127
 132 127
 133 127
 34 128
 35 128
 36 128
 37 128
 38 128
 85 128
 86 128
 97 128
 98 128
 99 128
 111 128
 112 128
 113 128
 31 129
 32 129
 33 129
 34 129
 35 129
 78 129
 79 129
 85 129
 86 129
 87 129
 97 129
 98 129
 99 129
 100 129
 101 129
 113 129
 114 129
 115 129
 29 130
 30 130
 31 130
 32 130
 77 130
 78 130
 79 130
 85 130
 86 130
 87 130
 88 130
 98 130
 99 130
 100 130
 101 130
 102 130
 114 130
 115 130
 116 130
 117 130
 27 131
 28 131
 29 131
 30 131
 69 131
 70 131
 71 131
 77 131
 78 131
 79 131
 80 131
 85 131
 86 131
 88 131
 89 131
 100 131
 101 131
 102 131
 103 131
 116 131
 117 131
 118 131
 119 131
 120 131
 24 132
 25 132
 26 132
 27 132
 65 132
 66 132
 67 132
 68 132
 69 132
 70 132
 71 132
 77 132
 79 132
 80 132
 85 132
 86 132
 89 132
 90 132
 101 132
 102 132
 103 132
 104 132
 105 132
 119 132
 120 132
 121 132
 122 132
 123 132
 22 133
 23 133
 24 133
 25 133
 57 133
 58 133
 59 133
 60 133
 61 133
 62 133
 63 133
 64 133
 65 133
 66 133
 67 133
 68 133
 70 133
 71 133
 76 133
 77 133
 80 133
 81 133
 86 133
 87 133
 90 133
 91 133
 92 133
 102 133
 103 133
 104 133
 105 133
 106 133
 107 133
 121 133
 122 133
 123 133
 124 133
 125 133
 126 133
 127 133
 128 133
 20 134
 21 134
 22 134
 23 134
 55 134
 56 134
 57 134
 58 134
 59 134
 60 134
 61 134
 62 134
 63 134
 71 134
 72 134
 76 134
 77 134
 80 134
 81 134
 86 134
 87 134
 91 134
 92 134
 93 134
 103 134
 104 134
 105 134
 106 134
 107 134
 108 134
 109 134
 125 134
 126 134
 127 134
 128 134
 129 134
 17 135
 18 135
 19 135
 20 135
 54 135
 55 135
 71 135
 72 135
 76 135
 77 135
 81 135
 82 135
 87 135
 88 135
 93 135
 94 135
 95 135
 105 135
 106 135
 107 135
 108 135
 109 135
 110 135
 111 135
 125 135
 126 135
 127 135
 128 135
 14 136
 15 136
 16 136
 17 136
 18 136
 54 136
 55 136
 72 136
 73 136
 74 136
 76 136
 77 136
 82 136
 83 136
 87 136
 88 136
 94 136
 95 136
 96 136
 97 136
 106 136
 107 136
 108 136
 109 136
 110 136
 111 136
 112 136
 113 136
 114 136
 115 136
 116 136
 120 136
 121 136
 122 136
 123 136
 124 136
 125 136
 126 136
 11 137
 12 137
 13 137
 14 137
 15 137
 16 137
 54 137
 55 137
 73 137
 74 137
 75 137
 77 137
 83 137
 84 137
 88 137
 89 137
 96 137
 97 137
 98 137
 99 137
 100 137
 101 137
 108 137
 109 137
 110 137
 113 137
 114 137
 115 137
 116 137
 117 137
 118 137
 119 137
 120 137
 121 137
 122 137
 123 137
 11 138
 12 138
 13 138
 54 138
 74 138
 75 138
 76 138
 77 138
 78 138
 84 138
 85 138
 86 138
 89 138
 90 138
 99 138
 100 138
 101 138
 102 138
 103 138
 104 138
 105 138
 106 138
 107 138
 108 138
 109 138
 110 138
 111 138
 112 138
 11 139
 53 139
 54 139
 76 139
 77 139
 78 139
 85 139
 86 139
 87 139
 88 139
 89 139
 90 139
 102 139
 103 139
 104 139
 105 139
 106 139
 107 139
 108 139
 109 139
 110 139
 111 139
 112 139
 113 139
 11 140
 12 140
 53 140
 54 140
 78 140
 87 140
 88 140
 89 140
 90 140
 91 140
 11 141
 12 141
 53 141
 90 141
 91 141
 11 142
 12 142
 52 142
 53 142
 11 143
 12 143
 52 143
 53 143
 11 144
 12 144
 52 144
 11 145
 12 145
 51 145
 52 145
 12 146
 13 146
 51 146
 52 146
 12 147
 13 147
 50 147
 51 147
 12 148
 13 148
 50 148
 51 148
 13 149
 14 149
 49 149
 50 149
 13 150
 14 150
 49 150
 50 150
 14 151
 48 151
 49 151
 14 152
 15 152
 48 152
 49 152
 14 153
 15 153
 47 153
 48 153
 15 154
 16 154
 47 154
 48 154
 16 155
 46 155
 47 155
 16 156
 17 156
 46 156
 47 156
 17 157
 18 157
 45 157
 46 157
 18 158
 19 158
 45 158
 46 158
 18 159
 19 159
 20 159
 44 159
 45 159
 19 160
 20 160
 21 160
 44 160
 45 160
 20 161
 21 161
 22 161
 44 161
 21 162
 22 162
 23 162
 43 162
 44 162
 23 163
 24 163
 25 163
 43 163
 24 164
 25 164
 26 164
 27 164
 42 164
 43 164
 26 165
 27 165
 28 165
 29 165
 42 165
 43 165
 28 166
 29 166
 30 166
 31 166
 32 166
 42 166
 31 167
 32 167
 33 167
 34 167
 35 167
 36 167
 37 167
 41 167
 42 167
 34 168
 35 168
 36 168
 37 168
 38 168
 39 168
 40 168
 41 168
 42 168


