# Created by Octave 7.3.0, Thu Mar 30 12:38:27 2023 GMT <unknown@JacobDesktop-PC>
# name: M
# type: matrix
# rows: 1631
# columns: 2
 79 1
 80 1
 77 2
 78 2
 79 2
 80 2
 76 3
 77 3
 78 3
 79 3
 80 3
 75 4
 76 4
 77 4
 79 4
 75 5
 76 5
 78 5
 79 5
 74 6
 75 6
 78 6
 79 6
 73 7
 74 7
 78 7
 79 7
 72 8
 73 8
 77 8
 78 8
 72 9
 73 9
 77 9
 78 9
 71 10
 72 10
 77 10
 78 10
 71 11
 72 11
 77 11
 70 12
 71 12
 76 12
 77 12
 70 13
 71 13
 76 13
 77 13
 69 14
 70 14
 76 14
 77 14
 69 15
 70 15
 76 15
 77 15
 69 16
 75 16
 76 16
 68 17
 69 17
 75 17
 76 17
 68 18
 69 18
 75 18
 76 18
 68 19
 75 19
 76 19
 67 20
 68 20
 75 20
 67 21
 68 21
 74 21
 75 21
 67 22
 74 22
 75 22
 66 23
 67 23
 74 23
 75 23
 66 24
 67 24
 74 24
 75 24
 66 25
 67 25
 74 25
 75 25
 53 26
 66 26
 74 26
 52 27
 53 27
 65 27
 66 27
 73 27
 74 27
 51 28
 52 28
 53 28
 65 28
 66 28
 73 28
 74 28
 51 29
 52 29
 53 29
 65 29
 66 29
 73 29
 74 29
 51 30
 53 30
 65 30
 66 30
 73 30
 74 30
 50 31
 51 31
 53 31
 65 31
 66 31
 73 31
 74 31
 50 32
 51 32
 53 32
 65 32
 73 32
 49 33
 50 33
 53 33
 54 33
 64 33
 65 33
 72 33
 73 33
 49 34
 50 34
 53 34
 54 34
 64 34
 65 34
 72 34
 73 34
 49 35
 50 35
 53 35
 54 35
 64 35
 65 35
 72 35
 73 35
 48 36
 49 36
 53 36
 54 36
 64 36
 65 36
 72 36
 73 36
 48 37
 49 37
 53 37
 54 37
 64 37
 65 37
 72 37
 73 37
 48 38
 49 38
 53 38
 54 38
 64 38
 65 38
 72 38
 73 38
 48 39
 49 39
 53 39
 54 39
 64 39
 72 39
 48 40
 49 40
 54 40
 64 40
 71 40
 72 40
 48 41
 54 41
 55 41
 63 41
 64 41
 71 41
 72 41
 48 42
 54 42
 55 42
 63 42
 64 42
 71 42
 72 42
 48 43
 54 43
 55 43
 63 43
 64 43
 71 43
 72 43
 47 44
 48 44
 55 44
 63 44
 64 44
 71 44
 72 44
 41 45
 48 45
 55 45
 56 45
 63 45
 64 45
 71 45
 72 45
 40 46
 41 46
 42 46
 48 46
 55 46
 56 46
 63 46
 64 46
 71 46
 72 46
 40 47
 41 47
 42 47
 48 47
 55 47
 56 47
 63 47
 64 47
 71 47
 72 47
 39 48
 40 48
 41 48
 42 48
 48 48
 49 48
 56 48
 57 48
 63 48
 64 48
 71 48
 39 49
 40 49
 42 49
 48 49
 49 49
 56 49
 57 49
 63 49
 64 49
 71 49
 39 50
 40 50
 42 50
 43 50
 48 50
 49 50
 56 50
 57 50
 63 50
 64 50
 70 50
 71 50
 38 51
 39 51
 42 51
 43 51
 48 51
 49 51
 57 51
 58 51
 63 51
 70 51
 71 51
 38 52
 39 52
 42 52
 43 52
 48 52
 49 52
 57 52
 58 52
 63 52
 70 52
 71 52
 38 53
 39 53
 43 53
 49 53
 58 53
 63 53
 70 53
 71 53
 38 54
 39 54
 43 54
 44 54
 49 54
 50 54
 58 54
 59 54
 63 54
 70 54
 71 54
 38 55
 39 55
 43 55
 44 55
 49 55
 50 55
 58 55
 59 55
 62 55
 63 55
 70 55
 71 55
 38 56
 39 56
 44 56
 45 56
 49 56
 50 56
 59 56
 60 56
 62 56
 63 56
 70 56
 71 56
 38 57
 39 57
 44 57
 45 57
 50 57
 51 57
 59 57
 60 57
 62 57
 63 57
 70 57
 71 57
 38 58
 39 58
 45 58
 46 58
 50 58
 51 58
 60 58
 61 58
 62 58
 63 58
 70 58
 71 58
 39 59
 45 59
 46 59
 50 59
 51 59
 60 59
 61 59
 62 59
 63 59
 70 59
 71 59
 37 60
 39 60
 40 60
 46 60
 47 60
 51 60
 52 60
 61 60
 62 60
 63 60
 70 60
 71 60
 37 61
 38 61
 39 61
 40 61
 46 61
 47 61
 51 61
 52 61
 61 61
 62 61
 63 61
 70 61
 71 61
 36 62
 37 62
 38 62
 39 62
 40 62
 47 62
 48 62
 52 62
 62 62
 63 62
 70 62
 88 62
 89 62
 90 62
 91 62
 92 62
 93 62
 36 63
 37 63
 38 63
 39 63
 40 63
 41 63
 48 63
 49 63
 52 63
 53 63
 62 63
 63 63
 70 63
 86 63
 87 63
 88 63
 89 63
 90 63
 91 63
 92 63
 93 63
 94 63
 95 63
 36 64
 37 64
 39 64
 40 64
 41 64
 49 64
 50 64
 52 64
 53 64
 62 64
 63 64
 70 64
 84 64
 85 64
 86 64
 94 64
 95 64
 96 64
 36 65
 37 65
 39 65
 40 65
 41 65
 42 65
 49 65
 50 65
 53 65
 54 65
 70 65
 83 65
 84 65
 85 65
 95 65
 96 65
 37 66
 40 66
 41 66
 42 66
 50 66
 51 66
 53 66
 54 66
 70 66
 82 66
 83 66
 96 66
 37 67
 40 67
 41 67
 42 67
 43 67
 51 67
 52 67
 53 67
 54 67
 69 67
 70 67
 81 67
 82 67
 96 67
 97 67
 37 68
 38 68
 41 68
 42 68
 43 68
 44 68
 52 68
 53 68
 54 68
 55 68
 69 68
 70 68
 80 68
 81 68
 82 68
 96 68
 37 69
 38 69
 42 69
 43 69
 44 69
 53 69
 54 69
 55 69
 69 69
 70 69
 80 69
 81 69
 96 69
 37 70
 38 70
 43 70
 44 70
 45 70
 54 70
 55 70
 69 70
 70 70
 79 70
 80 70
 96 70
 97 70
 37 71
 38 71
 43 71
 44 71
 45 71
 46 71
 69 71
 70 71
 78 71
 79 71
 97 71
 98 71
 38 72
 39 72
 44 72
 45 72
 46 72
 47 72
 69 72
 70 72
 77 72
 78 72
 97 72
 98 72
 38 73
 39 73
 45 73
 46 73
 47 73
 48 73
 69 73
 70 73
 76 73
 77 73
 98 73
 99 73
 38 74
 39 74
 46 74
 47 74
 48 74
 69 74
 70 74
 75 74
 76 74
 99 74
 100 74
 39 75
 40 75
 47 75
 48 75
 49 75
 69 75
 70 75
 74 75
 75 75
 76 75
 91 75
 92 75
 99 75
 100 75
 39 76
 40 76
 49 76
 50 76
 69 76
 70 76
 73 76
 74 76
 88 76
 89 76
 90 76
 91 76
 92 76
 93 76
 94 76
 95 76
 100 76
 40 77
 41 77
 50 77
 51 77
 70 77
 71 77
 72 77
 73 77
 87 77
 88 77
 89 77
 94 77
 95 77
 96 77
 97 77
 100 77
 41 78
 42 78
 70 78
 71 78
 72 78
 86 78
 87 78
 96 78
 97 78
 98 78
 99 78
 100 78
 35 79
 36 79
 41 79
 42 79
 84 79
 85 79
 86 79
 97 79
 98 79
 99 79
 100 79
 35 80
 36 80
 37 80
 42 80
 43 80
 84 80
 85 80
 98 80
 99 80
 156 80
 157 80
 158 80
 159 80
 35 81
 36 81
 37 81
 38 81
 39 81
 43 81
 44 81
 83 81
 84 81
 152 81
 153 81
 154 81
 155 81
 156 81
 157 81
 158 81
 159 81
 36 82
 37 82
 38 82
 39 82
 40 82
 44 82
 45 82
 82 82
 83 82
 148 82
 149 82
 150 82
 151 82
 152 82
 153 82
 154 82
 157 82
 158 82
 36 83
 37 83
 40 83
 41 83
 42 83
 43 83
 45 83
 46 83
 81 83
 82 83
 142 83
 143 83
 144 83
 145 83
 146 83
 147 83
 148 83
 149 83
 150 83
 156 83
 157 83
 37 84
 38 84
 42 84
 43 84
 44 84
 45 84
 46 84
 47 84
 81 84
 82 84
 135 84
 136 84
 137 84
 138 84
 139 84
 140 84
 141 84
 142 84
 143 84
 144 84
 145 84
 146 84
 155 84
 156 84
 37 85
 38 85
 45 85
 46 85
 47 85
 80 85
 81 85
 125 85
 126 85
 127 85
 128 85
 129 85
 130 85
 131 85
 132 85
 133 85
 134 85
 135 85
 136 85
 137 85
 138 85
 139 85
 140 85
 154 85
 155 85
 38 86
 39 86
 80 86
 81 86
 82 86
 106 86
 107 86
 108 86
 109 86
 110 86
 111 86
 112 86
 113 86
 114 86
 115 86
 116 86
 117 86
 118 86
 119 86
 120 86
 121 86
 122 86
 123 86
 124 86
 125 86
 126 86
 127 86
 128 86
 129 86
 130 86
 131 86
 132 86
 152 86
 153 86
 154 86
 39 87
 40 87
 79 87
 80 87
 81 87
 82 87
 83 87
 84 87
 85 87
 86 87
 87 87
 88 87
 89 87
 90 87
 91 87
 92 87
 93 87
 94 87
 95 87
 96 87
 97 87
 98 87
 99 87
 100 87
 101 87
 102 87
 103 87
 104 87
 105 87
 106 87
 107 87
 108 87
 109 87
 110 87
 111 87
 112 87
 113 87
 114 87
 115 87
 116 87
 117 87
 118 87
 119 87
 120 87
 121 87
 151 87
 152 87
 153 87
 40 88
 41 88
 42 88
 149 88
 150 88
 151 88
 41 89
 42 89
 43 89
 44 89
 147 89
 148 89
 149 89
 43 90
 44 90
 45 90
 46 90
 144 90
 145 90
 146 90
 147 90
 148 90
 36 91
 37 91
 38 91
 39 91
 40 91
 41 91
 42 91
 43 91
 44 91
 45 91
 142 91
 143 91
 144 91
 145 91
 37 92
 38 92
 39 92
 40 92
 41 92
 42 92
 43 92
 44 92
 138 92
 139 92
 140 92
 141 92
 142 92
 143 92
 37 93
 38 93
 134 93
 135 93
 136 93
 137 93
 138 93
 139 93
 140 93
 38 94
 39 94
 129 94
 130 94
 131 94
 132 94
 133 94
 134 94
 135 94
 136 94
 137 94
 38 95
 39 95
 40 95
 122 95
 123 95
 124 95
 125 95
 126 95
 127 95
 128 95
 129 95
 130 95
 131 95
 132 95
 39 96
 40 96
 41 96
 111 96
 112 96
 113 96
 114 96
 115 96
 116 96
 117 96
 118 96
 119 96
 120 96
 121 96
 122 96
 123 96
 124 96
 125 96
 126 96
 127 96
 40 97
 41 97
 42 97
 43 97
 44 97
 96 97
 97 97
 98 97
 99 97
 100 97
 101 97
 102 97
 103 97
 104 97
 105 97
 106 97
 107 97
 108 97
 109 97
 110 97
 111 97
 112 97
 113 97
 114 97
 115 97
 116 97
 117 97
 118 97
 119 97
 42 98
 43 98
 44 98
 96 98
 97 98
 98 98
 99 98
 100 98
 101 98
 102 98
 103 98
 104 98
 105 98
 106 98
 107 98
 43 99
 98 99
 99 99
 100 99
 101 99
 42 100
 43 100
 100 100
 101 100
 102 100
 103 100
 104 100
 42 101
 43 101
 103 101
 104 101
 105 101
 106 101
 42 102
 43 102
 105 102
 106 102
 107 102
 108 102
 42 103
 107 103
 108 103
 109 103
 110 103
 111 103
 42 104
 110 104
 111 104
 112 104
 113 104
 114 104
 41 105
 42 105
 90 105
 91 105
 92 105
 113 105
 114 105
 115 105
 116 105
 117 105
 118 105
 41 106
 42 106
 90 106
 91 106
 92 106
 93 106
 94 106
 116 106
 117 106
 118 106
 119 106
 120 106
 121 106
 122 106
 123 106
 124 106
 125 106
 41 107
 42 107
 91 107
 92 107
 93 107
 94 107
 95 107
 96 107
 97 107
 120 107
 121 107
 122 107
 123 107
 124 107
 125 107
 126 107
 127 107
 128 107
 129 107
 130 107
 131 107
 132 107
 133 107
 134 107
 41 108
 42 108
 92 108
 93 108
 95 108
 96 108
 97 108
 98 108
 99 108
 130 108
 131 108
 132 108
 133 108
 41 109
 42 109
 93 109
 94 109
 98 109
 99 109
 100 109
 101 109
 102 109
 129 109
 130 109
 131 109
 41 110
 42 110
 83 110
 84 110
 94 110
 95 110
 101 110
 102 110
 103 110
 104 110
 105 110
 126 110
 127 110
 128 110
 129 110
 38 111
 39 111
 40 111
 41 111
 42 111
 84 111
 85 111
 95 111
 96 111
 97 111
 103 111
 104 111
 105 111
 106 111
 107 111
 108 111
 109 111
 110 111
 121 111
 122 111
 123 111
 124 111
 125 111
 126 111
 127 111
 35 112
 36 112
 37 112
 38 112
 39 112
 40 112
 41 112
 84 112
 85 112
 86 112
 96 112
 97 112
 98 112
 107 112
 108 112
 109 112
 110 112
 111 112
 112 112
 113 112
 114 112
 115 112
 116 112
 117 112
 118 112
 119 112
 120 112
 121 112
 122 112
 123 112
 124 112
 32 113
 33 113
 34 113
 35 113
 36 113
 76 113
 85 113
 86 113
 87 113
 97 113
 98 113
 99 113
 100 113
 113 113
 114 113
 115 113
 116 113
 117 113
 118 113
 119 113
 29 114
 30 114
 31 114
 32 114
 33 114
 70 114
 75 114
 76 114
 77 114
 86 114
 87 114
 88 114
 89 114
 99 114
 100 114
 101 114
 27 115
 28 115
 29 115
 30 115
 69 115
 70 115
 75 115
 76 115
 77 115
 78 115
 87 115
 88 115
 89 115
 90 115
 101 115
 102 115
 103 115
 25 116
 26 116
 27 116
 28 116
 63 116
 69 116
 70 116
 71 116
 76 116
 78 116
 79 116
 88 116
 89 116
 90 116
 91 116
 102 116
 103 116
 104 116
 105 116
 106 116
 22 117
 23 117
 24 117
 25 117
 59 117
 60 117
 61 117
 62 117
 63 117
 68 117
 69 117
 70 117
 71 117
 76 117
 77 117
 79 117
 80 117
 89 117
 90 117
 91 117
 92 117
 93 117
 104 117
 105 117
 106 117
 107 117
 108 117
 109 117
 20 118
 21 118
 22 118
 23 118
 52 118
 53 118
 54 118
 55 118
 56 118
 57 118
 58 118
 59 118
 60 118
 61 118
 63 118
 68 118
 69 118
 71 118
 72 118
 76 118
 77 118
 80 118
 81 118
 90 118
 91 118
 92 118
 93 118
 94 118
 107 118
 108 118
 109 118
 110 118
 111 118
 112 118
 113 118
 18 119
 19 119
 20 119
 21 119
 49 119
 50 119
 51 119
 52 119
 53 119
 54 119
 55 119
 56 119
 57 119
 63 119
 64 119
 68 119
 69 119
 71 119
 72 119
 76 119
 77 119
 81 119
 82 119
 83 119
 92 119
 93 119
 94 119
 95 119
 96 119
 110 119
 111 119
 112 119
 113 119
 114 119
 115 119
 15 120
 16 120
 17 120
 18 120
 19 120
 48 120
 49 120
 63 120
 64 120
 68 120
 69 120
 72 120
 73 120
 77 120
 78 120
 82 120
 83 120
 84 120
 85 120
 93 120
 94 120
 95 120
 96 120
 97 120
 98 120
 99 120
 111 120
 112 120
 113 120
 114 120
 12 121
 13 121
 14 121
 15 121
 16 121
 48 121
 49 121
 64 121
 65 121
 66 121
 68 121
 69 121
 73 121
 74 121
 78 121
 79 121
 84 121
 85 121
 86 121
 87 121
 94 121
 95 121
 96 121
 97 121
 98 121
 99 121
 100 121
 101 121
 102 121
 103 121
 104 121
 105 121
 106 121
 107 121
 108 121
 109 121
 110 121
 111 121
 112 121
 10 122
 11 122
 12 122
 13 122
 14 122
 48 122
 49 122
 65 122
 66 122
 67 122
 68 122
 69 122
 74 122
 75 122
 78 122
 79 122
 86 122
 87 122
 88 122
 89 122
 90 122
 91 122
 96 122
 97 122
 98 122
 101 122
 102 122
 103 122
 104 122
 105 122
 106 122
 107 122
 108 122
 109 122
 10 123
 48 123
 67 123
 68 123
 69 123
 75 123
 76 123
 77 123
 79 123
 80 123
 88 123
 89 123
 90 123
 91 123
 92 123
 93 123
 94 123
 95 123
 96 123
 97 123
 98 123
 99 123
 100 123
 10 124
 47 124
 48 124
 68 124
 69 124
 76 124
 77 124
 78 124
 79 124
 80 124
 81 124
 92 124
 93 124
 94 124
 95 124
 96 124
 97 124
 98 124
 99 124
 100 124
 10 125
 47 125
 48 125
 78 125
 79 125
 80 125
 81 125
 10 126
 47 126
 10 127
 11 127
 46 127
 47 127
 10 128
 11 128
 46 128
 47 128
 10 129
 11 129
 45 129
 46 129
 11 130
 45 130
 46 130
 11 131
 12 131
 45 131
 11 132
 12 132
 44 132
 45 132
 12 133
 44 133
 12 134
 13 134
 43 134
 44 134
 12 135
 13 135
 43 135
 13 136
 14 136
 42 136
 43 136
 13 137
 14 137
 42 137
 14 138
 15 138
 41 138
 42 138
 15 139
 41 139
 15 140
 16 140
 40 140
 41 140
 16 141
 17 141
 40 141
 41 141
 17 142
 18 142
 39 142
 40 142
 18 143
 19 143
 39 143
 40 143
 19 144
 20 144
 21 144
 38 144
 39 144
 20 145
 21 145
 22 145
 38 145
 39 145
 22 146
 23 146
 24 146
 25 146
 38 146
 24 147
 25 147
 26 147
 27 147
 37 147
 38 147
 26 148
 27 148
 28 148
 29 148
 30 148
 37 148
 38 148
 29 149
 30 149
 31 149
 32 149
 33 149
 34 149
 35 149
 36 149
 37 149
 32 150
 33 150
 34 150
 35 150
 36 150
 37 150


