# Created by Octave 7.3.0, Thu Mar 30 13:03:19 2023 GMT <unknown@JacobDesktop-PC>
# name: M
# type: matrix
# rows: 1801
# columns: 2
 84 1
 85 1
 82 2
 83 2
 84 2
 85 2
 81 3
 82 3
 83 3
 84 3
 85 3
 80 4
 81 4
 82 4
 84 4
 79 5
 80 5
 81 5
 83 5
 84 5
 79 6
 80 6
 83 6
 84 6
 78 7
 79 7
 83 7
 77 8
 78 8
 82 8
 83 8
 77 9
 82 9
 83 9
 76 10
 77 10
 82 10
 83 10
 75 11
 76 11
 82 11
 75 12
 76 12
 81 12
 82 12
 74 13
 75 13
 81 13
 82 13
 74 14
 75 14
 81 14
 82 14
 74 15
 81 15
 73 16
 74 16
 80 16
 81 16
 73 17
 74 17
 80 17
 81 17
 72 18
 73 18
 80 18
 81 18
 72 19
 73 19
 80 19
 81 19
 72 20
 73 20
 80 20
 71 21
 72 21
 79 21
 80 21
 71 22
 72 22
 79 22
 80 22
 71 23
 72 23
 79 23
 80 23
 71 24
 79 24
 80 24
 70 25
 71 25
 79 25
 70 26
 71 26
 78 26
 79 26
 56 27
 70 27
 71 27
 78 27
 79 27
 56 28
 57 28
 70 28
 71 28
 78 28
 79 28
 55 29
 56 29
 57 29
 69 29
 70 29
 78 29
 79 29
 55 30
 56 30
 57 30
 69 30
 70 30
 78 30
 79 30
 54 31
 55 31
 56 31
 57 31
 69 31
 70 31
 78 31
 54 32
 56 32
 57 32
 69 32
 70 32
 77 32
 78 32
 53 33
 54 33
 56 33
 57 33
 69 33
 70 33
 77 33
 78 33
 53 34
 54 34
 56 34
 57 34
 69 34
 77 34
 78 34
 52 35
 53 35
 56 35
 57 35
 68 35
 69 35
 77 35
 78 35
 52 36
 53 36
 56 36
 57 36
 68 36
 69 36
 77 36
 78 36
 52 37
 53 37
 56 37
 57 37
 68 37
 69 37
 77 37
 52 38
 56 38
 57 38
 68 38
 69 38
 77 38
 51 39
 52 39
 56 39
 57 39
 68 39
 69 39
 76 39
 77 39
 51 40
 52 40
 57 40
 68 40
 69 40
 76 40
 77 40
 51 41
 52 41
 57 41
 58 41
 68 41
 76 41
 77 41
 51 42
 52 42
 57 42
 58 42
 68 42
 76 42
 77 42
 51 43
 57 43
 58 43
 67 43
 68 43
 76 43
 77 43
 51 44
 57 44
 58 44
 67 44
 68 44
 76 44
 77 44
 50 45
 51 45
 58 45
 67 45
 68 45
 76 45
 50 46
 51 46
 58 46
 59 46
 67 46
 68 46
 76 46
 50 47
 51 47
 58 47
 59 47
 67 47
 68 47
 75 47
 76 47
 43 48
 44 48
 50 48
 51 48
 58 48
 59 48
 67 48
 68 48
 75 48
 76 48
 43 49
 44 49
 51 49
 59 49
 67 49
 68 49
 75 49
 76 49
 42 50
 43 50
 44 50
 51 50
 59 50
 60 50
 67 50
 68 50
 75 50
 76 50
 42 51
 43 51
 44 51
 45 51
 51 51
 52 51
 59 51
 60 51
 67 51
 68 51
 75 51
 76 51
 42 52
 44 52
 45 52
 51 52
 52 52
 60 52
 67 52
 68 52
 75 52
 76 52
 41 53
 42 53
 44 53
 45 53
 51 53
 52 53
 60 53
 61 53
 67 53
 75 53
 76 53
 41 54
 42 54
 45 54
 51 54
 52 54
 60 54
 61 54
 67 54
 75 54
 76 54
 41 55
 42 55
 45 55
 46 55
 51 55
 52 55
 61 55
 62 55
 67 55
 75 55
 41 56
 45 56
 46 56
 52 56
 61 56
 62 56
 66 56
 67 56
 75 56
 40 57
 41 57
 45 57
 46 57
 52 57
 53 57
 61 57
 62 57
 66 57
 67 57
 75 57
 40 58
 41 58
 46 58
 47 58
 52 58
 53 58
 62 58
 63 58
 66 58
 67 58
 74 58
 75 58
 40 59
 41 59
 46 59
 47 59
 52 59
 53 59
 62 59
 63 59
 66 59
 67 59
 74 59
 75 59
 41 60
 47 60
 48 60
 53 60
 54 60
 63 60
 64 60
 66 60
 67 60
 74 60
 75 60
 41 61
 47 61
 48 61
 53 61
 54 61
 63 61
 64 61
 66 61
 67 61
 74 61
 75 61
 41 62
 42 62
 48 62
 49 62
 53 62
 54 62
 64 62
 66 62
 67 62
 74 62
 75 62
 39 63
 41 63
 42 63
 48 63
 49 63
 54 63
 55 63
 64 63
 65 63
 66 63
 67 63
 74 63
 75 63
 39 64
 40 64
 41 64
 42 64
 49 64
 50 64
 54 64
 55 64
 65 64
 66 64
 67 64
 74 64
 75 64
 39 65
 40 65
 42 65
 43 65
 49 65
 50 65
 54 65
 55 65
 65 65
 66 65
 67 65
 74 65
 75 65
 39 66
 40 66
 41 66
 42 66
 43 66
 50 66
 51 66
 55 66
 56 66
 65 66
 66 66
 67 66
 74 66
 75 66
 93 66
 94 66
 95 66
 96 66
 97 66
 98 66
 99 66
 39 67
 40 67
 41 67
 42 67
 43 67
 51 67
 52 67
 55 67
 56 67
 66 67
 67 67
 74 67
 75 67
 91 67
 92 67
 93 67
 94 67
 95 67
 96 67
 97 67
 98 67
 99 67
 100 67
 101 67
 39 68
 41 68
 42 68
 43 68
 44 68
 52 68
 53 68
 56 68
 66 68
 67 68
 74 68
 75 68
 90 68
 91 68
 100 68
 101 68
 102 68
 39 69
 40 69
 42 69
 43 69
 44 69
 52 69
 53 69
 54 69
 56 69
 57 69
 74 69
 75 69
 88 69
 89 69
 90 69
 101 69
 102 69
 39 70
 40 70
 42 70
 43 70
 44 70
 45 70
 53 70
 54 70
 56 70
 57 70
 74 70
 75 70
 87 70
 88 70
 89 70
 102 70
 39 71
 40 71
 43 71
 44 71
 45 71
 54 71
 55 71
 57 71
 58 71
 74 71
 75 71
 87 71
 88 71
 102 71
 103 71
 39 72
 40 72
 44 72
 45 72
 46 72
 55 72
 56 72
 57 72
 58 72
 74 72
 75 72
 86 72
 87 72
 102 72
 39 73
 40 73
 44 73
 45 73
 46 73
 47 73
 56 73
 57 73
 58 73
 74 73
 75 73
 85 73
 86 73
 101 73
 102 73
 39 74
 40 74
 45 74
 46 74
 47 74
 48 74
 57 74
 58 74
 59 74
 74 74
 75 74
 84 74
 85 74
 102 74
 103 74
 40 75
 41 75
 46 75
 47 75
 48 75
 58 75
 59 75
 74 75
 75 75
 83 75
 84 75
 102 75
 103 75
 40 76
 41 76
 47 76
 48 76
 49 76
 74 76
 75 76
 82 76
 83 76
 103 76
 104 76
 40 77
 41 77
 47 77
 48 77
 49 77
 50 77
 74 77
 75 77
 82 77
 83 77
 104 77
 105 77
 41 78
 42 78
 48 78
 49 78
 50 78
 51 78
 74 78
 75 78
 81 78
 82 78
 105 78
 106 78
 41 79
 42 79
 49 79
 50 79
 51 79
 52 79
 74 79
 75 79
 80 79
 81 79
 105 79
 106 79
 41 80
 42 80
 51 80
 52 80
 53 80
 74 80
 75 80
 78 80
 79 80
 80 80
 95 80
 96 80
 97 80
 98 80
 99 80
 106 80
 42 81
 43 81
 52 81
 53 81
 54 81
 74 81
 75 81
 77 81
 78 81
 79 81
 93 81
 94 81
 95 81
 96 81
 97 81
 98 81
 99 81
 100 81
 101 81
 106 81
 107 81
 43 82
 44 82
 53 82
 54 82
 74 82
 75 82
 76 82
 77 82
 92 82
 93 82
 94 82
 101 82
 102 82
 103 82
 106 82
 107 82
 43 83
 44 83
 74 83
 75 83
 76 83
 91 83
 92 83
 102 83
 103 83
 104 83
 106 83
 37 84
 38 84
 44 84
 45 84
 90 84
 91 84
 103 84
 104 84
 105 84
 106 84
 37 85
 38 85
 39 85
 40 85
 45 85
 46 85
 89 85
 90 85
 104 85
 105 85
 166 85
 167 85
 168 85
 169 85
 38 86
 39 86
 40 86
 41 86
 46 86
 47 86
 88 86
 89 86
 162 86
 163 86
 164 86
 165 86
 166 86
 167 86
 168 86
 169 86
 38 87
 39 87
 41 87
 42 87
 43 87
 46 87
 47 87
 48 87
 87 87
 88 87
 157 87
 158 87
 159 87
 160 87
 161 87
 162 87
 163 87
 164 87
 167 87
 168 87
 38 88
 39 88
 42 88
 43 88
 44 88
 45 88
 48 88
 49 88
 87 88
 88 88
 152 88
 153 88
 154 88
 155 88
 156 88
 157 88
 158 88
 159 88
 160 88
 166 88
 167 88
 39 89
 40 89
 44 89
 45 89
 46 89
 47 89
 48 89
 49 89
 50 89
 86 89
 87 89
 145 89
 146 89
 147 89
 148 89
 149 89
 150 89
 151 89
 152 89
 153 89
 154 89
 155 89
 156 89
 165 89
 166 89
 39 90
 40 90
 46 90
 47 90
 48 90
 49 90
 50 90
 85 90
 86 90
 136 90
 137 90
 138 90
 139 90
 140 90
 141 90
 142 90
 143 90
 144 90
 145 90
 146 90
 147 90
 148 90
 149 90
 150 90
 164 90
 165 90
 40 91
 41 91
 85 91
 86 91
 123 91
 124 91
 125 91
 126 91
 127 91
 128 91
 129 91
 130 91
 131 91
 132 91
 133 91
 134 91
 135 91
 136 91
 137 91
 138 91
 139 91
 140 91
 141 91
 142 91
 143 91
 162 91
 163 91
 164 91
 41 92
 42 92
 84 92
 85 92
 86 92
 87 92
 88 92
 89 92
 90 92
 91 92
 92 92
 93 92
 94 92
 95 92
 96 92
 97 92
 98 92
 99 92
 100 92
 101 92
 102 92
 103 92
 104 92
 105 92
 106 92
 107 92
 108 92
 109 92
 110 92
 111 92
 112 92
 113 92
 114 92
 115 92
 116 92
 117 92
 118 92
 119 92
 120 92
 121 92
 122 92
 123 92
 124 92
 125 92
 126 92
 127 92
 128 92
 129 92
 130 92
 131 92
 132 92
 133 92
 161 92
 162 92
 163 92
 42 93
 43 93
 44 93
 85 93
 86 93
 87 93
 88 93
 89 93
 90 93
 91 93
 92 93
 93 93
 94 93
 95 93
 96 93
 97 93
 98 93
 99 93
 100 93
 101 93
 102 93
 103 93
 104 93
 105 93
 106 93
 107 93
 108 93
 109 93
 110 93
 111 93
 112 93
 113 93
 114 93
 115 93
 116 93
 117 93
 118 93
 159 93
 160 93
 161 93
 43 94
 44 94
 45 94
 157 94
 158 94
 159 94
 160 94
 45 95
 46 95
 47 95
 48 95
 155 95
 156 95
 157 95
 158 95
 47 96
 48 96
 49 96
 152 96
 153 96
 154 96
 155 96
 156 96
 39 97
 40 97
 41 97
 42 97
 43 97
 44 97
 45 97
 46 97
 47 97
 150 97
 151 97
 152 97
 153 97
 154 97
 39 98
 40 98
 41 98
 42 98
 43 98
 44 98
 45 98
 146 98
 147 98
 148 98
 149 98
 150 98
 151 98
 40 99
 41 99
 142 99
 143 99
 144 99
 145 99
 146 99
 147 99
 148 99
 40 100
 41 100
 137 100
 138 100
 139 100
 140 100
 141 100
 142 100
 143 100
 144 100
 41 101
 42 101
 129 101
 130 101
 131 101
 132 101
 133 101
 134 101
 135 101
 136 101
 137 101
 138 101
 139 101
 140 101
 42 102
 43 102
 118 102
 119 102
 120 102
 121 102
 122 102
 123 102
 124 102
 125 102
 126 102
 127 102
 128 102
 129 102
 130 102
 131 102
 132 102
 133 102
 134 102
 43 103
 44 103
 45 103
 46 103
 102 103
 103 103
 104 103
 105 103
 106 103
 107 103
 108 103
 109 103
 110 103
 111 103
 112 103
 113 103
 114 103
 115 103
 116 103
 117 103
 118 103
 119 103
 120 103
 121 103
 122 103
 123 103
 124 103
 125 103
 126 103
 127 103
 45 104
 46 104
 102 104
 103 104
 104 104
 105 104
 106 104
 107 104
 108 104
 109 104
 110 104
 111 104
 112 104
 113 104
 114 104
 45 105
 46 105
 104 105
 105 105
 106 105
 107 105
 45 106
 46 106
 106 106
 107 106
 108 106
 109 106
 45 107
 46 107
 108 107
 109 107
 110 107
 111 107
 112 107
 45 108
 111 108
 112 108
 113 108
 114 108
 44 109
 45 109
 113 109
 114 109
 115 109
 116 109
 117 109
 44 110
 45 110
 115 110
 116 110
 117 110
 118 110
 119 110
 120 110
 44 111
 45 111
 95 111
 96 111
 118 111
 119 111
 120 111
 121 111
 122 111
 123 111
 44 112
 45 112
 95 112
 96 112
 97 112
 98 112
 121 112
 122 112
 123 112
 124 112
 125 112
 126 112
 127 112
 128 112
 44 113
 45 113
 96 113
 97 113
 98 113
 99 113
 100 113
 101 113
 125 113
 126 113
 127 113
 128 113
 129 113
 130 113
 131 113
 132 113
 133 113
 134 113
 135 113
 136 113
 137 113
 138 113
 139 113
 140 113
 141 113
 142 113
 44 114
 97 114
 98 114
 100 114
 101 114
 102 114
 103 114
 130 114
 131 114
 132 114
 133 114
 134 114
 135 114
 136 114
 137 114
 138 114
 139 114
 140 114
 141 114
 142 114
 44 115
 98 115
 99 115
 102 115
 103 115
 104 115
 105 115
 106 115
 139 115
 140 115
 141 115
 43 116
 44 116
 88 116
 99 116
 100 116
 105 116
 106 116
 107 116
 108 116
 109 116
 136 116
 137 116
 138 116
 139 116
 43 117
 44 117
 88 117
 89 117
 90 117
 100 117
 101 117
 107 117
 108 117
 109 117
 110 117
 111 117
 112 117
 133 117
 134 117
 135 117
 136 117
 137 117
 40 118
 41 118
 42 118
 43 118
 44 118
 89 118
 90 118
 91 118
 101 118
 102 118
 103 118
 110 118
 111 118
 112 118
 113 118
 114 118
 115 118
 116 118
 117 118
 129 118
 130 118
 131 118
 132 118
 133 118
 134 118
 135 118
 37 119
 38 119
 39 119
 40 119
 41 119
 42 119
 43 119
 44 119
 90 119
 91 119
 92 119
 102 119
 103 119
 104 119
 114 119
 115 119
 116 119
 117 119
 118 119
 119 119
 120 119
 121 119
 122 119
 123 119
 124 119
 125 119
 126 119
 127 119
 128 119
 129 119
 130 119
 131 119
 34 120
 35 120
 36 120
 37 120
 38 120
 39 120
 80 120
 81 120
 90 120
 91 120
 92 120
 93 120
 104 120
 105 120
 106 120
 120 120
 121 120
 122 120
 123 120
 124 120
 125 120
 126 120
 32 121
 33 121
 34 121
 35 121
 80 121
 81 121
 82 121
 91 121
 92 121
 93 121
 94 121
 105 121
 106 121
 107 121
 29 122
 30 122
 31 122
 32 122
 33 122
 74 122
 75 122
 80 122
 81 122
 82 122
 83 122
 92 122
 93 122
 94 122
 95 122
 107 122
 108 122
 109 122
 27 123
 28 123
 29 123
 30 123
 73 123
 74 123
 75 123
 80 123
 81 123
 82 123
 83 123
 84 123
 93 123
 94 123
 95 123
 96 123
 97 123
 108 123
 109 123
 110 123
 111 123
 112 123
 24 124
 25 124
 26 124
 27 124
 28 124
 64 124
 65 124
 66 124
 67 124
 73 124
 74 124
 75 124
 80 124
 81 124
 83 124
 84 124
 85 124
 94 124
 95 124
 96 124
 97 124
 98 124
 110 124
 111 124
 112 124
 113 124
 114 124
 22 125
 23 125
 24 125
 25 125
 59 125
 60 125
 61 125
 62 125
 63 125
 64 125
 65 125
 66 125
 67 125
 72 125
 73 125
 75 125
 76 125
 81 125
 82 125
 84 125
 85 125
 86 125
 95 125
 96 125
 97 125
 98 125
 99 125
 100 125
 113 125
 114 125
 115 125
 116 125
 117 125
 118 125
 20 126
 21 126
 22 126
 23 126
 52 126
 53 126
 54 126
 55 126
 56 126
 57 126
 58 126
 59 126
 60 126
 61 126
 62 126
 63 126
 67 126
 72 126
 73 126
 75 126
 76 126
 81 126
 82 126
 85 126
 86 126
 87 126
 97 126
 98 126
 99 126
 100 126
 101 126
 116 126
 117 126
 118 126
 119 126
 120 126
 121 126
 122 126
 17 127
 18 127
 19 127
 20 127
 21 127
 51 127
 52 127
 53 127
 54 127
 55 127
 56 127
 57 127
 67 127
 68 127
 72 127
 73 127
 76 127
 77 127
 81 127
 82 127
 87 127
 88 127
 89 127
 98 127
 99 127
 100 127
 101 127
 102 127
 103 127
 104 127
 119 127
 120 127
 121 127
 122 127
 15 128
 16 128
 17 128
 18 128
 51 128
 52 128
 68 128
 69 128
 72 128
 73 128
 77 128
 78 128
 82 128
 83 128
 88 128
 89 128
 90 128
 91 128
 100 128
 101 128
 102 128
 103 128
 104 128
 105 128
 106 128
 107 128
 116 128
 117 128
 118 128
 119 128
 120 128
 12 129
 13 129
 14 129
 15 129
 16 129
 51 129
 52 129
 68 129
 69 129
 70 129
 72 129
 73 129
 78 129
 79 129
 83 129
 84 129
 90 129
 91 129
 92 129
 93 129
 94 129
 101 129
 102 129
 103 129
 104 129
 105 129
 106 129
 107 129
 108 129
 109 129
 110 129
 111 129
 112 129
 113 129
 114 129
 115 129
 116 129
 117 129
 118 129
 10 130
 11 130
 12 130
 13 130
 51 130
 52 130
 70 130
 71 130
 72 130
 73 130
 79 130
 80 130
 81 130
 83 130
 84 130
 92 130
 93 130
 94 130
 95 130
 96 130
 97 130
 98 130
 103 130
 104 130
 105 130
 109 130
 110 130
 111 130
 112 130
 113 130
 114 130
 10 131
 11 131
 50 131
 51 131
 71 131
 72 131
 73 131
 80 131
 81 131
 82 131
 84 131
 85 131
 95 131
 96 131
 97 131
 98 131
 99 131
 100 131
 101 131
 102 131
 103 131
 104 131
 105 131
 106 131
 10 132
 11 132
 50 132
 51 132
 73 132
 74 132
 82 132
 83 132
 84 132
 85 132
 86 132
 101 132
 102 132
 103 132
 104 132
 10 133
 11 133
 50 133
 51 133
 84 133
 85 133
 86 133
 10 134
 11 134
 49 134
 50 134
 10 135
 11 135
 49 135
 50 135
 11 136
 49 136
 11 137
 12 137
 48 137
 49 137
 11 138
 12 138
 48 138
 49 138
 11 139
 12 139
 47 139
 48 139
 12 140
 13 140
 47 140
 48 140
 12 141
 13 141
 47 141
 13 142
 46 142
 47 142
 13 143
 14 143
 46 143
 13 144
 14 144
 45 144
 46 144
 14 145
 15 145
 45 145
 14 146
 15 146
 44 146
 45 146
 15 147
 16 147
 44 147
 16 148
 17 148
 43 148
 44 148
 16 149
 17 149
 18 149
 43 149
 17 150
 18 150
 42 150
 43 150
 18 151
 19 151
 20 151
 42 151
 19 152
 20 152
 21 152
 41 152
 42 152
 20 153
 21 153
 22 153
 41 153
 22 154
 23 154
 24 154
 40 154
 41 154
 23 155
 24 155
 25 155
 26 155
 40 155
 41 155
 25 156
 26 156
 27 156
 28 156
 40 156
 27 157
 28 157
 29 157
 30 157
 31 157
 39 157
 40 157
 30 158
 31 158
 32 158
 33 158
 34 158
 35 158
 36 158
 37 158
 38 158
 39 158
 40 158
 33 159
 34 159
 35 159
 36 159
 37 159
 38 159
 39 159


