# Created by Octave 7.3.0, Thu Mar 30 12:35:51 2023 GMT <unknown@JacobDesktop-PC>
# name: M
# type: matrix
# rows: 1533
# columns: 2
 74 1
 75 1
 73 2
 74 2
 75 2
 71 3
 72 3
 73 3
 74 3
 75 3
 71 4
 72 4
 74 4
 70 5
 71 5
 73 5
 74 5
 69 6
 70 6
 73 6
 74 6
 68 7
 69 7
 73 7
 74 7
 68 8
 72 8
 73 8
 67 9
 68 9
 72 9
 73 9
 66 10
 67 10
 72 10
 73 10
 66 11
 67 11
 72 11
 73 11
 65 12
 66 12
 71 12
 72 12
 65 13
 66 13
 71 13
 72 13
 65 14
 71 14
 72 14
 64 15
 65 15
 71 15
 72 15
 64 16
 65 16
 71 16
 64 17
 70 17
 71 17
 63 18
 64 18
 70 18
 71 18
 63 19
 64 19
 70 19
 71 19
 63 20
 70 20
 71 20
 62 21
 63 21
 70 21
 62 22
 63 22
 69 22
 70 22
 62 23
 63 23
 69 23
 70 23
 50 24
 62 24
 69 24
 70 24
 49 25
 50 25
 61 25
 62 25
 69 25
 70 25
 48 26
 49 26
 50 26
 61 26
 62 26
 69 26
 48 27
 49 27
 50 27
 61 27
 62 27
 69 27
 47 28
 48 28
 49 28
 50 28
 61 28
 62 28
 68 28
 69 28
 47 29
 48 29
 49 29
 50 29
 61 29
 62 29
 68 29
 69 29
 47 30
 49 30
 50 30
 61 30
 68 30
 69 30
 46 31
 47 31
 49 31
 50 31
 60 31
 61 31
 68 31
 69 31
 46 32
 47 32
 50 32
 60 32
 61 32
 68 32
 69 32
 46 33
 50 33
 60 33
 61 33
 68 33
 45 34
 46 34
 50 34
 51 34
 60 34
 61 34
 67 34
 68 34
 45 35
 46 35
 50 35
 51 35
 60 35
 61 35
 67 35
 68 35
 45 36
 46 36
 50 36
 51 36
 60 36
 61 36
 67 36
 68 36
 45 37
 46 37
 50 37
 51 37
 60 37
 67 37
 68 37
 45 38
 50 38
 51 38
 60 38
 67 38
 68 38
 45 39
 51 39
 59 39
 60 39
 67 39
 68 39
 45 40
 51 40
 52 40
 59 40
 60 40
 67 40
 68 40
 45 41
 51 41
 52 41
 59 41
 60 41
 67 41
 39 42
 45 42
 51 42
 52 42
 59 42
 60 42
 67 42
 38 43
 39 43
 45 43
 52 43
 59 43
 60 43
 66 43
 67 43
 37 44
 38 44
 39 44
 45 44
 52 44
 53 44
 59 44
 60 44
 66 44
 67 44
 37 45
 38 45
 39 45
 45 45
 46 45
 52 45
 53 45
 59 45
 60 45
 66 45
 67 45
 37 46
 39 46
 40 46
 45 46
 46 46
 53 46
 59 46
 60 46
 66 46
 67 46
 36 47
 37 47
 39 47
 40 47
 45 47
 46 47
 53 47
 54 47
 59 47
 60 47
 66 47
 67 47
 36 48
 37 48
 39 48
 40 48
 45 48
 46 48
 53 48
 54 48
 59 48
 60 48
 66 48
 67 48
 36 49
 37 49
 40 49
 41 49
 45 49
 46 49
 54 49
 55 49
 59 49
 60 49
 66 49
 67 49
 36 50
 37 50
 40 50
 41 50
 46 50
 54 50
 55 50
 59 50
 66 50
 67 50
 36 51
 40 51
 41 51
 46 51
 47 51
 55 51
 59 51
 66 51
 67 51
 36 52
 37 52
 41 52
 42 52
 46 52
 47 52
 55 52
 56 52
 59 52
 66 52
 36 53
 37 53
 41 53
 42 53
 46 53
 47 53
 55 53
 56 53
 59 53
 66 53
 36 54
 37 54
 42 54
 43 54
 47 54
 48 54
 56 54
 57 54
 59 54
 66 54
 36 55
 37 55
 42 55
 43 55
 47 55
 48 55
 56 55
 57 55
 59 55
 65 55
 66 55
 34 56
 35 56
 36 56
 37 56
 43 56
 44 56
 47 56
 48 56
 57 56
 58 56
 59 56
 65 56
 66 56
 34 57
 35 57
 37 57
 43 57
 44 57
 48 57
 49 57
 57 57
 58 57
 59 57
 65 57
 66 57
 34 58
 35 58
 36 58
 37 58
 38 58
 44 58
 45 58
 48 58
 49 58
 58 58
 59 58
 65 58
 66 58
 82 58
 83 58
 84 58
 85 58
 86 58
 87 58
 34 59
 35 59
 36 59
 37 59
 38 59
 45 59
 46 59
 49 59
 50 59
 58 59
 59 59
 65 59
 66 59
 81 59
 82 59
 83 59
 84 59
 85 59
 86 59
 87 59
 88 59
 89 59
 34 60
 35 60
 36 60
 37 60
 38 60
 39 60
 45 60
 46 60
 47 60
 49 60
 50 60
 59 60
 65 60
 66 60
 79 60
 80 60
 81 60
 88 60
 89 60
 90 60
 34 61
 35 61
 37 61
 38 61
 39 61
 46 61
 47 61
 49 61
 50 61
 65 61
 66 61
 78 61
 79 61
 89 61
 90 61
 34 62
 35 62
 37 62
 38 62
 39 62
 40 62
 47 62
 48 62
 50 62
 51 62
 65 62
 66 62
 77 62
 78 62
 90 62
 91 62
 34 63
 35 63
 38 63
 39 63
 40 63
 48 63
 49 63
 50 63
 51 63
 65 63
 66 63
 76 63
 77 63
 90 63
 91 63
 35 64
 39 64
 40 64
 41 64
 49 64
 50 64
 51 64
 65 64
 66 64
 75 64
 76 64
 90 64
 35 65
 36 65
 39 65
 40 65
 41 65
 42 65
 50 65
 51 65
 52 65
 65 65
 66 65
 74 65
 75 65
 90 65
 91 65
 35 66
 36 66
 40 66
 41 66
 42 66
 43 66
 51 66
 52 66
 65 66
 66 66
 74 66
 75 66
 90 66
 91 66
 35 67
 36 67
 41 67
 42 67
 43 67
 65 67
 66 67
 73 67
 74 67
 91 67
 92 67
 36 68
 42 68
 43 68
 44 68
 65 68
 66 68
 72 68
 73 68
 92 68
 93 68
 36 69
 37 69
 43 69
 44 69
 45 69
 65 69
 66 69
 71 69
 72 69
 92 69
 93 69
 36 70
 37 70
 44 70
 45 70
 46 70
 65 70
 66 70
 70 70
 71 70
 93 70
 94 70
 37 71
 38 71
 45 71
 46 71
 47 71
 65 71
 66 71
 69 71
 70 71
 83 71
 84 71
 85 71
 86 71
 87 71
 88 71
 89 71
 93 71
 94 71
 37 72
 38 72
 46 72
 47 72
 48 72
 65 72
 66 72
 67 72
 68 72
 69 72
 82 72
 83 72
 84 72
 85 72
 87 72
 88 72
 89 72
 90 72
 93 72
 94 72
 38 73
 39 73
 65 73
 66 73
 67 73
 68 73
 80 73
 81 73
 82 73
 90 73
 91 73
 93 73
 94 73
 33 74
 34 74
 39 74
 40 74
 66 74
 79 74
 80 74
 81 74
 91 74
 92 74
 93 74
 94 74
 33 75
 34 75
 35 75
 39 75
 40 75
 41 75
 78 75
 79 75
 92 75
 93 75
 146 75
 147 75
 148 75
 149 75
 33 76
 34 76
 35 76
 36 76
 37 76
 40 76
 41 76
 78 76
 142 76
 143 76
 144 76
 145 76
 146 76
 147 76
 148 76
 149 76
 34 77
 36 77
 37 77
 38 77
 41 77
 42 77
 43 77
 77 77
 78 77
 138 77
 139 77
 140 77
 141 77
 142 77
 143 77
 144 77
 147 77
 148 77
 34 78
 35 78
 38 78
 39 78
 40 78
 41 78
 42 78
 43 78
 44 78
 76 78
 77 78
 132 78
 133 78
 134 78
 135 78
 136 78
 137 78
 138 78
 139 78
 140 78
 146 78
 147 78
 34 79
 35 79
 39 79
 40 79
 41 79
 42 79
 43 79
 44 79
 76 79
 77 79
 124 79
 125 79
 126 79
 127 79
 128 79
 129 79
 130 79
 131 79
 132 79
 133 79
 134 79
 135 79
 136 79
 145 79
 146 79
 35 80
 36 80
 75 80
 76 80
 113 80
 114 80
 115 80
 116 80
 117 80
 118 80
 119 80
 120 80
 121 80
 122 80
 123 80
 124 80
 125 80
 126 80
 127 80
 128 80
 129 80
 144 80
 145 80
 36 81
 37 81
 74 81
 75 81
 76 81
 77 81
 78 81
 79 81
 80 81
 81 81
 82 81
 83 81
 84 81
 85 81
 86 81
 87 81
 88 81
 89 81
 90 81
 91 81
 92 81
 93 81
 94 81
 95 81
 96 81
 97 81
 98 81
 99 81
 100 81
 101 81
 102 81
 103 81
 104 81
 105 81
 106 81
 107 81
 108 81
 109 81
 110 81
 111 81
 112 81
 113 81
 114 81
 115 81
 116 81
 117 81
 118 81
 119 81
 120 81
 121 81
 142 81
 143 81
 144 81
 37 82
 38 82
 75 82
 76 82
 77 82
 78 82
 79 82
 80 82
 81 82
 82 82
 83 82
 84 82
 85 82
 86 82
 87 82
 88 82
 89 82
 90 82
 91 82
 92 82
 93 82
 94 82
 95 82
 96 82
 97 82
 98 82
 99 82
 100 82
 101 82
 102 82
 103 82
 104 82
 105 82
 106 82
 107 82
 108 82
 141 82
 142 82
 38 83
 39 83
 40 83
 139 83
 140 83
 141 83
 39 84
 40 84
 41 84
 42 84
 43 84
 136 84
 137 84
 138 84
 139 84
 34 85
 35 85
 41 85
 42 85
 43 85
 134 85
 135 85
 136 85
 137 85
 34 86
 35 86
 36 86
 37 86
 38 86
 39 86
 40 86
 41 86
 131 86
 132 86
 133 86
 134 86
 135 86
 35 87
 36 87
 38 87
 127 87
 128 87
 129 87
 130 87
 131 87
 132 87
 35 88
 36 88
 122 88
 123 88
 124 88
 125 88
 126 88
 127 88
 128 88
 129 88
 36 89
 37 89
 115 89
 116 89
 117 89
 118 89
 119 89
 120 89
 121 89
 122 89
 123 89
 124 89
 125 89
 37 90
 38 90
 104 90
 105 90
 106 90
 107 90
 108 90
 109 90
 110 90
 111 90
 112 90
 113 90
 114 90
 115 90
 116 90
 117 90
 118 90
 119 90
 120 90
 38 91
 39 91
 40 91
 41 91
 90 91
 91 91
 92 91
 93 91
 94 91
 95 91
 96 91
 97 91
 98 91
 99 91
 100 91
 101 91
 102 91
 103 91
 104 91
 105 91
 106 91
 107 91
 108 91
 109 91
 110 91
 111 91
 112 91
 40 92
 41 92
 90 92
 91 92
 92 92
 93 92
 94 92
 95 92
 96 92
 97 92
 98 92
 99 92
 40 93
 41 93
 92 93
 93 93
 94 93
 95 93
 40 94
 95 94
 96 94
 97 94
 98 94
 39 95
 40 95
 97 95
 98 95
 99 95
 100 95
 39 96
 40 96
 99 96
 100 96
 101 96
 102 96
 103 96
 39 97
 40 97
 101 97
 102 97
 103 97
 104 97
 105 97
 106 97
 39 98
 40 98
 84 98
 85 98
 104 98
 105 98
 106 98
 107 98
 108 98
 109 98
 39 99
 40 99
 84 99
 85 99
 86 99
 87 99
 107 99
 108 99
 109 99
 110 99
 111 99
 112 99
 113 99
 114 99
 39 100
 85 100
 86 100
 87 100
 88 100
 89 100
 90 100
 111 100
 112 100
 113 100
 114 100
 115 100
 116 100
 117 100
 118 100
 119 100
 120 100
 121 100
 122 100
 123 100
 124 100
 125 100
 39 101
 86 101
 87 101
 89 101
 90 101
 91 101
 92 101
 117 101
 118 101
 119 101
 120 101
 121 101
 122 101
 123 101
 124 101
 125 101
 38 102
 39 102
 87 102
 88 102
 91 102
 92 102
 93 102
 94 102
 95 102
 121 102
 122 102
 123 102
 124 102
 38 103
 39 103
 78 103
 79 103
 88 103
 89 103
 94 103
 95 103
 96 103
 97 103
 98 103
 118 103
 119 103
 120 103
 121 103
 122 103
 36 104
 37 104
 38 104
 39 104
 78 104
 79 104
 80 104
 89 104
 90 104
 91 104
 97 104
 98 104
 99 104
 100 104
 101 104
 102 104
 103 104
 114 104
 115 104
 116 104
 117 104
 118 104
 119 104
 33 105
 34 105
 35 105
 36 105
 37 105
 38 105
 39 105
 79 105
 80 105
 81 105
 90 105
 91 105
 92 105
 100 105
 101 105
 102 105
 103 105
 104 105
 105 105
 106 105
 107 105
 108 105
 109 105
 110 105
 111 105
 112 105
 113 105
 114 105
 115 105
 116 105
 117 105
 30 106
 31 106
 32 106
 33 106
 34 106
 71 106
 72 106
 80 106
 81 106
 82 106
 91 106
 92 106
 93 106
 105 106
 106 106
 107 106
 108 106
 109 106
 110 106
 111 106
 112 106
 27 107
 28 107
 29 107
 30 107
 31 107
 65 107
 66 107
 71 107
 72 107
 81 107
 82 107
 83 107
 93 107
 94 107
 95 107
 25 108
 26 108
 27 108
 28 108
 65 108
 66 108
 71 108
 72 108
 73 108
 82 108
 83 108
 84 108
 85 108
 94 108
 95 108
 96 108
 97 108
 23 109
 24 109
 25 109
 26 109
 58 109
 59 109
 64 109
 65 109
 66 109
 71 109
 72 109
 73 109
 74 109
 83 109
 84 109
 85 109
 86 109
 96 109
 97 109
 98 109
 99 109
 100 109
 20 110
 21 110
 22 110
 23 110
 54 110
 55 110
 56 110
 57 110
 58 110
 59 110
 64 110
 65 110
 66 110
 67 110
 71 110
 72 110
 74 110
 75 110
 84 110
 85 110
 86 110
 87 110
 99 110
 100 110
 101 110
 102 110
 103 110
 18 111
 19 111
 20 111
 21 111
 46 111
 47 111
 48 111
 49 111
 50 111
 51 111
 52 111
 53 111
 54 111
 55 111
 56 111
 59 111
 60 111
 64 111
 66 111
 67 111
 71 111
 72 111
 75 111
 76 111
 77 111
 85 111
 86 111
 87 111
 88 111
 89 111
 101 111
 102 111
 103 111
 104 111
 105 111
 106 111
 107 111
 16 112
 17 112
 18 112
 19 112
 45 112
 46 112
 47 112
 48 112
 49 112
 50 112
 51 112
 52 112
 59 112
 60 112
 64 112
 67 112
 68 112
 72 112
 73 112
 76 112
 77 112
 78 112
 86 112
 87 112
 88 112
 89 112
 90 112
 91 112
 105 112
 106 112
 107 112
 13 113
 14 113
 15 113
 16 113
 45 113
 46 113
 60 113
 61 113
 64 113
 68 113
 69 113
 72 113
 73 113
 78 113
 79 113
 80 113
 88 113
 89 113
 90 113
 91 113
 92 113
 93 113
 94 113
 95 113
 102 113
 103 113
 104 113
 105 113
 106 113
 10 114
 11 114
 12 114
 13 114
 14 114
 45 114
 46 114
 61 114
 62 114
 64 114
 65 114
 69 114
 70 114
 73 114
 74 114
 80 114
 81 114
 82 114
 83 114
 89 114
 90 114
 91 114
 92 114
 93 114
 94 114
 95 114
 96 114
 97 114
 98 114
 99 114
 100 114
 101 114
 102 114
 103 114
 104 114
 9 115
 10 115
 11 115
 45 115
 62 115
 63 115
 64 115
 65 115
 70 115
 71 115
 72 115
 74 115
 75 115
 82 115
 83 115
 84 115
 85 115
 86 115
 87 115
 88 115
 89 115
 90 115
 91 115
 92 115
 93 115
 94 115
 97 115
 98 115
 99 115
 100 115
 9 116
 10 116
 44 116
 45 116
 64 116
 65 116
 71 116
 72 116
 73 116
 74 116
 75 116
 76 116
 85 116
 86 116
 87 116
 88 116
 89 116
 90 116
 91 116
 92 116
 93 116
 94 116
 9 117
 10 117
 44 117
 45 117
 73 117
 74 117
 75 117
 76 117
 9 118
 10 118
 44 118
 45 118
 9 119
 10 119
 43 119
 44 119
 9 120
 10 120
 43 120
 44 120
 10 121
 43 121
 10 122
 11 122
 42 122
 43 122
 10 123
 11 123
 42 123
 43 123
 11 124
 41 124
 42 124
 11 125
 12 125
 41 125
 42 125
 11 126
 12 126
 40 126
 41 126
 12 127
 13 127
 40 127
 41 127
 12 128
 13 128
 39 128
 40 128
 13 129
 14 129
 39 129
 40 129
 13 130
 14 130
 38 130
 39 130
 14 131
 15 131
 38 131
 39 131
 15 132
 16 132
 37 132
 38 132
 16 133
 17 133
 37 133
 38 133
 17 134
 18 134
 36 134
 37 134
 18 135
 19 135
 20 135
 36 135
 37 135
 19 136
 20 136
 21 136
 36 136
 21 137
 22 137
 23 137
 35 137
 36 137
 22 138
 23 138
 24 138
 25 138
 26 138
 35 138
 36 138
 25 139
 26 139
 27 139
 28 139
 29 139
 30 139
 35 139
 28 140
 29 140
 30 140
 31 140
 32 140
 33 140
 34 140
 35 140
 33 141


